I need a toy
0 1 
/home/denis-office/.cache/a2_assets/simplified_objects/024.urdf 5.905250492477100988e-01 1.209988244399024526e-01 2.000000000000000111e-01 5.250941385189163313e+00 1.401518563234817272e+00 5.240950475687931043e-01
/home/denis-office/.cache/a2_assets/simplified_objects/087.urdf 6.065949169375023375e-01 -1.356266248811016650e-02 2.000000000000000111e-01 4.452820214062426452e+00 4.157880340896437765e+00 6.102357620969300456e+00
/home/denis-office/.cache/a2_assets/simplified_objects/073.urdf 5.470247929134814946e-01 1.203126053550546970e-01 2.000000000000000111e-01 1.744921618433829869e+00 5.566439542782322114e+00 4.774376769416688759e+00
/home/denis-office/.cache/a2_assets/simplified_objects/002.urdf 4.409813002344021848e-01 -3.028653743250397934e-02 2.000000000000000111e-01 6.261773743342849308e+00 2.278538854161381577e-01 1.208538403128910810e+00
/home/denis-office/.cache/a2_assets/simplified_objects/061.urdf 6.069389918848645538e-01 -1.017415850757865114e-01 2.000000000000000111e-01 3.525213748345947362e+00 2.718229774340735094e+00 1.071568806858137046e+00
/home/denis-office/.cache/a2_assets/simplified_objects/040.urdf 5.772338303708393070e-01 1.116449912893621721e-02 2.000000000000000111e-01 5.073750168765619684e+00 2.300782500404108255e+00 4.906258732239135334e+00
/home/denis-office/.cache/a2_assets/simplified_objects/064.urdf 5.387720975031379256e-01 -7.184033100556655449e-02 2.000000000000000111e-01 6.101003077528164731e+00 1.298407808240434225e+00 2.783027432164574488e+00
/home/denis-office/.cache/a2_assets/simplified_objects/007.urdf 6.189537579687561797e-01 -9.240506331525824568e-02 2.000000000000000111e-01 1.962227267340431291e+00 3.467903973024280884e+00 5.165652760926899845e+00
